  0
SECTION
  2
HEADER
  9
$ACADVER
  1
AC1009
  9
$EXTMIN
 10
0.0
 20
0.0
 30
0.0
  9
$EXTMAX
 10
1000.0
 20
1000.0
 30
0.0
  9
$FILLMODE
 70
 0
  9
$SPLFRAME
 70
 1
  0
ENDSEC
  0
SECTION
  2
TABLES
  0
TABLE
  2
LAYER
 70
1
  0
LAYER
  2
0
 70
     0
 62
     7
  6
CONTINUOUS
  0
ENDTAB
  0
ENDSEC
  0
SECTION
  2
ENTITIES
  0
POLYLINE
  8
0
 62
     0
 66
     1
 10
0
 20
0
 30
0.0
 40
72
 41
72
  0
VERTEX
  8
0
 10
5760.5
 20
9504.51
 30
0.0
 40
1
 41
1
  0
VERTEX
  8
0
 10
0.5
 20
9504.51
 30
0.0
 40
1
 41
1
  0
SEQEND
 8
0
  0
POLYLINE
  8
0
 62
     0
 66
     1
 10
0
 20
0
 30
0.0
 40
72
 41
72
  0
VERTEX
  8
0
 10
5760.5
 20
5702.9
 30
0.0
 40
1
 41
1
  0
VERTEX
  8
0
 10
0.5
 20
5702.9
 30
0.0
 40
1
 41
1
  0
SEQEND
 8
0
  0
POLYLINE
  8
0
 62
     0
 66
     1
 10
0
 20
0
 30
0.0
 40
72
 41
72
  0
VERTEX
  8
0
 10
0.0156137
 20
0.0833333
 30
0.0
 40
1
 41
1
  0
VERTEX
  8
0
 10
0.0184938
 20
0.0833333
 30
0.0
 40
1
 41
1
  0
VERTEX
  8
0
 10
0.0184938
 20
0.0833333
 30
0.0
 40
1
 41
1
  0
VERTEX
  8
0
 10
0.0156137
 20
0.0833333
 30
0.0
 40
1
 41
1
  0
VERTEX
  8
0
 10
0.0156137
 20
0.0833333
 30
0.0
 40
1
 41
1
  0
VERTEX
  8
0
 10
0.0184938
 20
0.0833333
 30
0.0
 40
1
 41
1
  0
VERTEX
  8
0
 10
0.0184938
 20
0.0833333
 30
0.0
 40
1
 41
1
  0
SEQEND
 8
0
  0
POLYLINE
  8
0
 62
     0
 66
     1
 10
0
 20
0
 30
0.0
 40
72
 41
72
  0
VERTEX
  8
0
 10
0.0156137
 20
0.0833333
 30
0.0
 40
1
 41
1
  0
VERTEX
  8
0
 10
0.0184938
 20
0.0833333
 30
0.0
 40
1
 41
1
  0
VERTEX
  8
0
 10
0.0184938
 20
0.0833333
 30
0.0
 40
1
 41
1
  0
SEQEND
 8
0
  0
POLYLINE
  8
0
 62
     0
 66
     1
 10
0
 20
0
 30
0.0
 40
72
 41
72
  0
VERTEX
  8
0
 10
0.0184938
 20
0.0833333
 30
0.0
 40
1
 41
1
  0
VERTEX
  8
0
 10
0.0184938
 20
0.0833333
 30
0.0
 40
1
 41
1
  0
VERTEX
  8
0
 10
0.0156137
 20
0.0833333
 30
0.0
 40
1
 41
1
  0
VERTEX
  8
0
 10
0.0156137
 20
0.0833333
 30
0.0
 40
1
 41
1
  0
SEQEND
 8
0
  0
POLYLINE
  8
0
 62
     0
 66
     1
 10
0
 20
0
 30
0.0
 40
72
 41
72
  0
VERTEX
  8
0
 10
1620.5
 20
11812.1
 30
0.0
 40
1
 41
1
  0
VERTEX
  8
0
 10
0.0146921
 20
0.0833333
 30
0.0
 40
1
 41
1
  0
VERTEX
  8
0
 10
0.0146921
 20
0.0833333
 30
0.0
 40
1
 41
1
  0
VERTEX
  8
0
 10
0.5
 20
11812.1
 30
0.0
 40
1
 41
1
  0
VERTEX
  8
0
 10
3240.5
 20
11812.1
 30
0.0
 40
1
 41
1
  0
VERTEX
  8
0
 10
0.0146921
 20
0.0833333
 30
0.0
 40
1
 41
1
  0
VERTEX
  8
0
 10
0.0146921
 20
0.0833333
 30
0.0
 40
1
 41
1
  0
SEQEND
 8
0
  0
POLYLINE
  8
0
 62
     0
 66
     1
 10
0
 20
0
 30
0.0
 40
72
 41
72
  0
VERTEX
  8
0
 10
0.0146921
 20
0.0833333
 30
0.0
 40
1
 41
1
  0
VERTEX
  8
0
 10
0.0146921
 20
0.0833333
 30
0.0
 40
1
 41
1
  0
VERTEX
  8
0
 10
4860.5
 20
11812.1
 30
0.0
 40
1
 41
1
  0
SEQEND
 8
0
  0
POLYLINE
  8
0
 62
     0
 66
     1
 10
0
 20
0
 30
0.0
 40
72
 41
72
  0
VERTEX
  8
0
 10
0.0146921
 20
0.0833333
 30
0.0
 40
1
 41
1
  0
VERTEX
  8
0
 10
0.0146921
 20
0.0833333
 30
0.0
 40
1
 41
1
  0
VERTEX
  8
0
 10
6480.5
 20
11812.1
 30
0.0
 40
1
 41
1
  0
VERTEX
  8
0
 10
3240.5
 20
11812.1
 30
0.0
 40
1
 41
1
  0
SEQEND
 8
0
  0
POLYLINE
  8
0
 62
     0
 66
     1
 10
0
 20
0
 30
0.0
 40
72
 41
72
  0
VERTEX
  8
0
 10
2880.5
 20
8118.51
 30
0.0
 40
1
 41
1
  0
VERTEX
  8
0
 10
2880.5
 20
10890.5
 30
0.0
 40
1
 41
1
  0
VERTEX
  8
0
 10
0.5
 20
10890.5
 30
0.0
 40
1
 41
1
  0
VERTEX
  8
0
 10
0.5
 20
8118.51
 30
0.0
 40
1
 41
1
  0
VERTEX
  8
0
 10
5760.5
 20
8118.51
 30
0.0
 40
1
 41
1
  0
VERTEX
  8
0
 10
5760.5
 20
10890.5
 30
0.0
 40
1
 41
1
  0
VERTEX
  8
0
 10
2880.5
 20
10890.5
 30
0.0
 40
1
 41
1
  0
SEQEND
 8
0
  0
POLYLINE
  8
0
 62
     0
 66
     1
 10
0
 20
0
 30
0.0
 40
72
 41
72
  0
VERTEX
  8
0
 10
2880.5
 20
4316.9
 30
0.0
 40
1
 41
1
  0
VERTEX
  8
0
 10
2880.5
 20
7088.9
 30
0.0
 40
1
 41
1
  0
VERTEX
  8
0
 10
0.5
 20
7088.9
 30
0.0
 40
1
 41
1
  0
VERTEX
  8
0
 10
0.5
 20
4316.9
 30
0.0
 40
1
 41
1
  0
VERTEX
  8
0
 10
5760.5
 20
4316.9
 30
0.0
 40
1
 41
1
  0
VERTEX
  8
0
 10
5760.5
 20
7088.9
 30
0.0
 40
1
 41
1
  0
VERTEX
  8
0
 10
2880.5
 20
7088.9
 30
0.0
 40
1
 41
1
  0
SEQEND
 8
0
  0
POLYLINE
  8
0
 62
     0
 66
     1
 10
0
 20
0
 30
0.0
 40
72
 41
72
  0
VERTEX
  8
0
 10
1728.5
 20
1901.31
 30
0.0
 40
1
 41
1
  0
VERTEX
  8
0
 10
1728.5
 20
3287.31
 30
0.0
 40
1
 41
1
  0
VERTEX
  8
0
 10
0.5
 20
3287.31
 30
0.0
 40
1
 41
1
  0
VERTEX
  8
0
 10
0.5
 20
1901.31
 30
0.0
 40
1
 41
1
  0
VERTEX
  8
0
 10
3456.5
 20
1901.31
 30
0.0
 40
1
 41
1
  0
VERTEX
  8
0
 10
3456.5
 20
3287.31
 30
0.0
 40
1
 41
1
  0
VERTEX
  8
0
 10
1728.5
 20
3287.31
 30
0.0
 40
1
 41
1
  0
SEQEND
 8
0
  0
POLYLINE
  8
0
 62
     0
 66
     1
 10
0
 20
0
 30
0.0
 40
72
 41
72
  0
VERTEX
  8
0
 10
1728.5
 20
0.508681
 30
0.0
 40
1
 41
1
  0
VERTEX
  8
0
 10
1728.5
 20
1386.51
 30
0.0
 40
1
 41
1
  0
VERTEX
  8
0
 10
0.5
 20
1386.51
 30
0.0
 40
1
 41
1
  0
VERTEX
  8
0
 10
0.5
 20
0.508681
 30
0.0
 40
1
 41
1
  0
VERTEX
  8
0
 10
3456.5
 20
0.508681
 30
0.0
 40
1
 41
1
  0
VERTEX
  8
0
 10
3456.5
 20
1386.51
 30
0.0
 40
1
 41
1
  0
VERTEX
  8
0
 10
1728.5
 20
1386.51
 30
0.0
 40
1
 41
1
  0
SEQEND
 8
0
  0
ENDSEC
  0
EOF
